[[35,0,0],[ 0,0,0],[ 0,31,0]]
[[ 0,0,28],[ 0,0,0],[ 0,0,0]]
[[ 0,0,0],[ 0,0,35],[29,0,0]]
[[32,0,0],[ 0,0,0],[37,0,0]]
[[ 0,0,0],[ 0,0,35],[ 0,0,40]]
[[ 0,0,30],[ 0,33,0],[ 0,0,35]]
[[ 0,0,36],[ 0,0,33],[25,0,0]]
[[ 0,0,0],[ 0,0,0],[32,34,0]]
[[ 0,0,31],[37,0,0],[30,0,0]]
[[ 0,0,0],[ 0,35,0],[44,0,0]]
[[ 0,0,0],[ 0,0,32],[ 0,30,34]]
[[ 0,0,0],[36,0,0],[ 0,32,0]]
[[ 0,0,32],[ 0,42,0],[ 0,0,0]]
[[ 0,0,0],[38,0,0],[ 0,37,37]]
[[26,0,0],[ 0,0,0],[50,33,0]]
[[ 0,0,0],[ 0,0,0],[24,0,39]]
[[ 0,0,0],[ 0,0,29],[ 0,0,33]]
[[ 0,42,0],[ 0,0,0],[ 0,0,40]]
[[41,0,0],[ 0,0,37],[ 0,0,0]]
[[ 0,0,0],[ 0,0,0],[39,33,0]]